55347
60013
61807
57422
57699
62078
4664
2238
1226
14289
2384
50687
60740
62998
58351
251
62505
55135
11570
19068
53579
54169
9600
4986
61951
61845
1505
58240
52458
3712
11600
17116
5950
49090
64229
11768
6751
6036
73
59088
55827
1511
8342
62710
60668
60966
63096
60490
58085
7653
5647
5351
17417
8317
3864
7369
10248
5571
54316
60643
5237
4427
10452
5892
4028
6300
62910
1169
9550
5694
4307
64896
60349
4003
936
61157
7574
9663
7993
3185
65354
3500
49439
55073
10556
53912
50611
63324
4158
9336
59974
7312
11247
57830
10256
3362
56245
4469
63882
3718
5158
252
11962
520
55551
63283
2807
5371
10450
17295
2495
1607
12904
58298
65152
9405
59164
7967
4184
54676
604
62599
64830
4461
63655
1311
626
3370
78
62044
8376
65024
65469
2272
45106
61166
7247
57133
5694
5293
59547
64504
62476
64697
63609
619
5400
57194
61594
7003
58171
52854
63509
62480
60245
7933
7262
63683
744
56401
56494
5307
2842
64962
570
5424
64205
49961
64125
7830
1769
3116
944
64794
61563
8252
19346
60279
57222
8111
3323
179
57961
54612
2447
3769
60745
60602
2669
475
53330
55288
2561
1781
59042
63866
6621
9403
6151
59132
63973
10465
588
63042
5716
12531
17876
7959
64025
3267
8595
9167
0
59997
57882
8762
16638
57449
57655
22163
15071
65187
5111
195
63154
63076
60388
33062
63247
726
1018
60558
8179
65512
58252
10957
6113
5997
62829
43338
61553
1982
63442
3546
2186
7593
60889
52625
62178
63126
58843
43607
60387
9775
51315
57205
57149
60041
6907
48211
379
12349
56842
9289
1149
57761
2973
60552
7804
2095
49939
60757
4895
9260
2034
6093
1817
43708
57269
60186
55291
3849
55778
1199
17986
58919
1219
14127
55982
56427
5848
60590
64067
17596
3062
58523
10175
9946
1185
5593
17096
14019
59591
58147
784
4749
10699
64971
55969
4112
9116
64310
63492
7298
5534
63082
63423
61241
58225
59372
54992
60044
12813
17789
10658
1081
62607
10108
13706
6669
14196
9307
56208
58568
3095
62570
59612
5712
392
55510
62893
60588
2768
17839
62638
52829
6105
3306
59766
4047
587
53166
4172
14478
127
64382
61326
824
17362
3357
57068
62438
60476
61800
62887
3639
11278
5146
2140
2102
717
1696
64821
63134
4235
9312
60089
53694
2179
62746
62248
12271
3085
53507
55894
60745
59918
62721
1263
57866
60454
7115
2587
8938
19651
11607
8879
10073
8834
11224
62690
47137
510
11874
63302
6358
6737
59605
12685
9540
55651
64342
61500
62203
8584
3077
4727
1790
53479
62168
7331
61485
52820
61680
60130
51568
3277
11664
55081
47277
62494
8920
4837
61923
63822
61222
55499
61701
63956
59974
55733
47047
55993
9288
2306
59329
718
60168
52544
65398
11216
2733
52781
49660
61057
3769
65371
60065
60797
2908
8903
4976
1961
672
63994
65438
470
5914
6990
63815
65142
59765
52813
1228
3152
58451
62079
7755
8114
54767
56889
9718
63051
60157
5441
63217
7052
13188
60993
58527
50433
41845
62105
5535
1551
4135
1163
3837
10388
7831
2943
1879
3614
24593
64026
60026
60427
4201
3644
4785
6873
56756
56884
6743
7386
65407
58933
59564
64757
9232
15220
3409
61308
64689
60383
52017
65152
13089
57413
56230
12497
11257
9561
64650
57888
65102
61153
11020
21202
6655
62360
60200
10547
5268
57147
60497
46371
63001
11325
59398
4981
2779
8024
16634
53025
60595
9597
1598
64584
59789
9224
0
62012
16786
65383
55195
64050
54640
2901
9600
58308
59660
1336
5273
11598
4493
53766
54020
62609
2268
62794
52432
4598
0
1540
10340
3636
11
13920
59854
54392
8484
128
59377
9174
10720
64447
63165
64166
62289
56986
55697
3993
2725
60032
59614
56313
63363
60046
3741
17426
55164
59064
64822
41194
64404
11328
2632
8202
4079
9835
7457
3968
8680
153
2840
63022
60915
4739
62682
2070
63018
55757
1332
60140
62934
58037
44603
64745
2797
63126
3846
61682
61847
4422
16293
20585
64961
53439
1996
15782
8734
1426
7831
64643
56346
558
6739
4522
62081
60947
63223
65333
12286
8545
62608
64273
62428
5537
8707
65493
1673
48611
46884
5579
56271
55578
2373
51296
56005
61369
63444
8387
2877
14201
15385
5379
12521
58068
50225
59725
62290
18378
7113
53965
60653
55562
10547
21387
14
4259
12417
9702
63346
56574
4729
2166
1679
12241
3460
64328
2103
2877
2428
54998
50484
3747
6260
56132
63918
3276
58568
5241
9436
60370
58645
60020
61244
61540
63647
933
56407
59824
5353
65104
2314
1373
53731
59324
1631
64607
123
1834
7071
7337
63076
59412
65241
11510
2998
51056
2660
7487
57581
2865
7849
2004
570
62654
64267
2602
9927
64994
57490
10596
3192
871
10797
63481
3306
6475
12506
14473
48363
64849
11881
50981
7889
18543
3830
64185
56867
7163
4852
55075
61567
2216
14011
60826
41979
5005
11878
24864
61807
55892
508
64975
62523
6369
10880
13779
4975
2978
6395
65250
6199
3417
57213
59861
58414
57762
55628
56152
63357
57556
1597
11085
56146
58859
7472
64262
64974
1383
56371
57482
94
63757
63434
3618
64396
60090
64715
63718
546
51
61444
11099
7307
47830
57446
2363
59650
61912
52831
50941
64921
56536
59124
3122
57417
4504
16188
58703
49067
62143
3412
3580
12352
8350
55964
62795
64146
58466
5638
62937
64190
16055
60888
44578
53602
58936
60435
58736
60141
63567
14420
64377
442
6546
55024
53975
4529
56670
54918
62364
667
8064
59985
4468
14878
53437
54897
62149
61536
6923
65034
5178
13949
60261
54203
64135
5338
1209
64953
9749
4430
62061
1239
6762
8229
64196
2337
6867
60313
9976
20501
60671
54758
9661
16579
62495
59389
12577
64643
57454
2346
51657
63706
19677
59991
53851
0
59551
59841
60882
55119
59857
64034
63678
63933
264
9776
7414
53827
58071
7690
54
59436
55938
48001
59985
14893
20024
11353
1836
432
1735
5034
3815
60023
58198
62980
0
5467
64065
62880
10281
5341
60542
11592
12462
61725
65481
60392
59006
5161
59405
57218
3781
61575
53920
61002
61693
54275
37185
6595
55185
2419
2275
53618
3503
2235
4319
13282
64029
725
2415
1434
9594
64381
62324
59959
55440
6192
65229
54037
62504
63310
3183
63987
50043
60415
64829
63436
6131
54494
50464
12324
6477
57942
65434
10121
14390
56971
57429
10998
58279
2838
11122
53725
9135
13395
58118
3885
4958
62697
60524
62462
9308
19939
23591
4075
53674
62034
63086
65525
64181
52524
53928
2842
17634
7266
59119
2304
2582
65432
1019
65129
65095
62899
6446
7676
60297
62484
641
3005
2885
63778
2250
56544
45014
56249
59499
58424
55864
49754
62528
4971
61888
471
9755
9961
258
52339
59023
7460
4712
663
2792
7648
7059
64256
63530
941
2836
63547
57313
4914
3655
52434
60759
2269
59296
51986
57361
2544
61892
4904
17993
63448
54242
62701
7658
17602
3928
63177
5581
61015
61709
11552
34945
56192
6532
7241
63389
15384
12608
60032
64761
64559
62198
55088
47582
59916
57838
61717
13585
58974
53079
17132
12949
59228
63635
1629
1223
4444
893
64705
61840
55240
617
7673
65207
1582
64730
61001
2531
63073
61248
6587
64603
52515
51818
47754
61106
11942
59381
56282
9064
4240
2904
176
53592
756
9046
5266
12172
3123
59214
3578
62732
52837
64102
3975
1261
64594
59517
3415
14563
5898
64719
7468
14328
1892
52381
56346
65410
1680
60708
61852
1552
56644
55346
58548
60759
9421
4708
1587
8333
2017
5065
60826
57566
14716
5447
61345
5207
7397
8597
55158
55798
17194
7190
643
12131
64253
56353
1699
6747
5793
62780
60310
8183
1971
58296
8685
4702
62579
7161
62865
61849
9627
470
58796
61293
54830
57940
11406
12305
64293
64417
2835
8402
9952
2589
2592
3889
8674
0
1102
8982
64503
63153
63835
61121
4096
8010
3014
3672
1989
57241
50397
64452
5928
1329
63405
49570
63676
10545
1007
11628
54389
43811
12567
1950
30979
12470
59917
3964
15764
5139
5692
10408
330
51179
62265
9015
4390
1570
63643
3614
8278
5517
3487
2735
8660
61818
62038
23490
8946
50255
53930
56264
56513
57665
60835
57320
61746
2237
48704
57115
9613
57946
55802
62261
62175
64593
57775
6594
23250
2393
61429
3110
53469
2098
22966
2413
64018
59377
46077
64535
60408
60969
20045
1848
56428
8326
11040
4209
65329
13701
12044
48345
46649
62988
60447
55679
2592
5032
1375
13021
799
49068
59707
1857
6968
10898
11638
8099
64640
2859
5182
882
61856
65133
10990
1161
5367
14717
61736
13724
27566
1271
2158
15323
12950
1644
63759
2114
57351
61554
7049
5541
3354
58974
65172
3398
56136
428
4751
6739
20573
8430
65032
10602
7896
58580
50896
59604
2371
63997
1822
11698
6777
4175
17864
5942
42116
51235
7108
2323
58546
55622
59916
6555
2655
53756
57962
3979
5791
62440
62235
11781
64331
49357
3447
61835
44676
2052
14438
725
64136
6950
5117
3742
12059
5823
63599
10052
13745
5056
3327
2367
65421
5704
6231
57484
57250
8377
8170
61919
63344
1103
65154
62286
50087
58231
8103
50727
47835
63415
49493
59935
9024
62545
65360
64698
61345
698
59277
55388
61425
2618
1439
64360
1247
63466
2382
6167
4149
11765
8350
278
59307
57396
3208
55346
48702
3259
55700
47802
5426
3137
55120
6058
17328
54185
46580
6851
4204
60410
62129
62416
463
57315
61464
10149
62073
52449
53602
58686
3472
48527
36345
61392
60006
54459
15254
18367
453
60265
59418
1254
3117
61932
484
709
60833
56651
56251
4985
10274
2429
3311
28802
57624
56358
8892
18316
1576
55682
56830
64989
6319
1951
65234
62126
4098
14276
236
396
11026
6996
7135
2865
65285
62890
55323
60155
2886
11103
8331
64110
65439
63691
10316
19693
8214
4864
56881
55765
5866
64436
61156
60280
6609
20728
9025
358
2045
50010
61399
6838
5801
64049
63690
13762
63483
58431
16980
7168
58876
60841
62909
11456
17204
62723
52686
4411
10069
7507
10304
4777
8477
4772
64269
6779
60460
60830
2492
54803
65333
7022
1033
5829
2591
8548
7123
48215
51263
8458
554
45747
55776
1128
55068
49001
51175
56936
65234
8758
3773
53322
64949
7834
3533
9436
58319
51303
57553
56916
15886
13391
61095
2524
52885
57124
12041
62560
57931
63538
63958
8047
10351
8975
4459
56503
60064
4655
64578
7928
13204
54405
51492
62774
61633
62144
59578
4111
4223
55611
6778
12689
397
63708
64895
16204
9921
60138
10392
2637
61043
13495
2021
52196
64713
5101
165
11763
16283
1837
13153
60160
57206
5710
59097
54759
9496
4058
56799
61051
5447
13609
13080
1511
60518
2545
65518
2686
13596
64296
689
7576
49475
55714
654
56691
2985
674
61260
11433
5637
58243
56603
2543
16659
177
55165
499
170
1805
64579
58810
64508
63810
1960
7375
6285
10419
4225
65118
4795
4916
4692
63845
62989
921
63443
2254
61900
57830
61289
50709
57687
65423
62868
3553
59136
2221
17135
64728
4596
10089
60606
64376
62491
63196
4730
64305
2869
1227
64760
13930
7354
65041
792
50120
57059
7415
61701
63931
64557
54654
1402
7807
5291
5112
64778
1844
2774
1716
500
57393
61518
64823
61909
64672
65184
8918
11464
64387
53304
52815
11930
15744
58514
64464
3481
63537
65525
62327
64400
51951
44377
3478
64573
50685
0
65314
5227
17166
5265
8895
7348
59521
9490
1988
51227
65390
60801
61467
7436
63609
61859
61046
61294
1754
61942
62738
69
1291
11882
15602
4285
63694
2149
60903
4530
12044
48470
56923
9280
60400
5234
4282
64472
11207
3767
64552
62220
7508
18290
2022
11892
17582
63445
60755
64478
4436
63328
61942
34816
55382
65370
10058
2089
65
63182
10868
7658
58921
3435
3778
6917
2979
51561
0
13312
63318
57105
4175
57845
48412
18273
24256
64548
50157
48724
5341
3782
63396
18723
54988
5297
19
57684
17894
63141
53354
7809
9712
13894
6492
4957
4171
62600
1708
65343
4521
58748
52464
2021
51989
63959
10788
53208
3394
7481
61008
7451
7958
2438
829
4536
646
65273
9668
65410
60567
58633
62258
8501
58978
60241
63791
57906
5832
64093
3926
7445
49820
58173
63067
64899
4703
56866
60567
62879
57892
50187
49327
2612
58780
52752
58764
54524
7979
3944
57463
11622
15386
1428
58256
12164
23875
8277
5797
57779
58326
39200
53578
4575
3412
48937
8988
14846
64514
63829
64380
6082
6627
58553
59857
17797
13401
57120
1740
64701
50195
56446
65091
7241
56421
42797
61898
64502
57971
62585
65053
1421
458
61594
55153
62248
8233
2994
9251
3877
10457
6862
55804
1372
8844
59171
2385
4586
54008
64523
6437
61992
12759
17899
56047
58752
3734
60705
57665
50992
64684
12649
59633
63011
6669
60401
54353
61467
12265
5515
65229
9056
56205
56189
1604
52757
59007
64688
5298
18913
130
1092
18632
64896
56111
2888
62780
55128
3257
7532
64633
12604
13444
61606
63202
63351
61921
65064
5146
11432
813
934
1248
54262
1016
1900
56269
62809
230
7186
2622
63828
8118
64208
13872
62031
45252
2895
9096
63996
5157
62303
63827
1709
1916
19778
12042
59459
59871
63068
4801
64103
54852
1148
8564
65018
61363
6765
9277
4894
9127
747
57495
62287
59542
3260
16637
3271
62159
65065
57135
60270
622
60755
58364
63047
65470
55448
53909
59582
56883
4041
1740
52591
3379
305
57530
7487
1243
466
5974
56735
52358
63098
2990
55555
60262
15701
6371
282
57992
53206
11422
61481
48138
10262
9728
5447
4391
62677
8271
7210
63007
62757
61522
52389
44939
1115
16193
7171
7108
1363
2553
10736
58740
55162
13520
12587
59830
5697
17139
1912
1951
64435
46980
57607
507
59947
4293
4496
55467
64890
13792
61334
59959
19797
9864
64505
9764
65249
58772
2018
2842
1180
1597
3915
4134
64816
60835
1916
11475
10315
8287
60316
45475
54513
55818
60627
8941
62327
63546
10857
1185
3674
13478
64712
51314
8618
20408
51062
52165
13362
62341
63090
20155
10827
59025
53683
61649
3374
62735
63977
65270
64588
6090
60217
53670
1841
60461
58634
1910
955
16317
7683
55064
10392
1982
49228
59998
60791
64694
59117
58286
13964
12270
11848
11209
4020
9663
61064
64448
10893
56406
59374
59516
56087
18227
14445
60799
689
5315
5435
481
61479
61054
4091
0
3047
57237
5914
7900
64608
608
1533
284
11254
18004
1452
64901
14727
2873
62753
10672
989
3337
11689
56090
56340
4985
11278
14469
59655
59364
64251
44740
59736
6537
63420
2470
58094
56211
1213
3379
7056
64170
58598
59100
1546
21605
4919
49719
5493
12359
60843
60914
64809
51738
50233
61500
62598
5311
12371
6603
4728
3425
4994
8714
4014
65444
4067
61032
49383
3697
6100
56537
11188
15184
8538
14491
784
62489
56305
47379
65519
5666
64647
59889
59455
64313
57647
52902
51895
6463
26798
5203
2036
6892
61492
1869
60708
1618
4216
41131
62395
20436
62930
52407
47807
46561
62205
7766
64090
58874
736
49272
49932
14457
6700
62299
10131
11894
63589
51733
3113
8290
54007
56757
58881
57701
58565
52765
161
3720
6343
19321
64168
56094
1838
2368
11950
2366
58814
58838
51753
14684
21782
57942
60609
4642
6815
65415
62711
1676
57203
17160
26952
58900
4253
5734
55295
62278
57759
1868
7167
62129
62621
62661
6513
61245
52772
8993
2017
62478
4919
2603
8940
2226
674
3619
57501
60973
60059
60147
10458
10354
3101
2667
61967
48120
54156
2013
58297
1483
12146
61637
680
8929
18195
10113
22539
8728
53991
64017
13325
62263
48850
62268
143
55464
59970
61846
64267
5646
60588
64792
2301
52193
58324
60314
64729
9985
62753
1337
8501
3568
4065
59311
64211
3292
56942
62083
5191
6693
61560
160
18202
61585
56048
7617
61110
1105
4227
58417
65522
55570
50498
58417
46195
61646
15963
57819
61879
15244
59920
61486
8186
59039
2918
10181
62844
8389
12381
60498
55814
61833
1394
5410
5975
1926
27010
2285
1441
4540
5023
8739
2688
57029
5356
3322
59056
4665
57296
60072
12585
54236
53613
10567
6884
64692
53159
56780
2723
63415
4537
3856
65006
8810
6303
11769
6968
60511
18525
8944
44362
73
10299
61169
861
5052
59014
52293
58967
62973
1986
9922
5400
3540
7245
560
64104
5825
3044
62313
64928
56658
52038
4563
129
45086
53147
65140
55565
57123
12734
1291
51454
9303
3772
54432
7242
64176
44099
54418
6774
5558
59269
64085
62606
62389
16331
10270
65524
1394
54834
71
11935
61166
63674
3807
62772
63901
56505
2386
22982
12704
16174
6578
49258
2465
62138
60284
12219
54231
5759
18699
57197
10909
7346
58919
1768
54675
64317
64173
54138
63474
63880
12968
699
49407
5807
1251
62165
58137
52463
4562
59011
59805
8238
60850
64942
62512
56669
61739
55277
61507
64421
61751
4795
2419
60575
8
10516
5730
3997
9415
3765
10904
1217
51042
64743
61241
2193
6327
54485
14374
14459
45569
53212
61935
62330
61243
60487
9112
3199
59043
62772
55667
51840
54467
65286
13431
4265
803
12269
58991
45619
8172
10927
56802
60820
983
13685
18092
62999
60589
62834
54564
54051
60581
4567
60867
59878
9158
59925
59639
7710
62489
7810
10719
51477
54329
54729
47093
64685
65013
56097
3479
63623
60692
12940
1918
59900
7999
4068
65263
62703
1598
9821
63516
3338
9613
64316
3111
63668
1712
7911
56726
3169
4713
47266
55774
64651
1046
63537
55390
954
5501
4384
4238
60918
64475
1546
61200
6235
20972
9911
1910
15876
2822
51751
58419
62230
5782
62985
2131
22891
60328
56569
11165
2979
2663
52967
52543
62880
52849
4809
64757
47757
57719
58564
6935
16672
64750
11963
50086
967
10453
44690
9407
19180
9736
22150
60710
52325
64709
56899
55450
60878
7299
4197
55815
56206
62307
1723
59302
56938
61886
62216
2043
61087
63923
65527
52794
4143
1274
51031
2218
1049
16418
3775
62873
6497
4213
1087
6086
2163
6993
8132
4608
63074
61699
11401
6134
8349
19464
1902
1562
5992
1504
7152
61175
59379
712
61820
6565
7897
1040
62812
59176
10462
11199
62662
5670
7554
643
64538
260
2541
4146
17557
12455
56111
64489
1079
55086
1152
9411
5900
1231
63335
1605
58665
48895
59040
64279
61603
63679
6126
17309
6370
55633
211
64984
58377
13324
16437
60178
53262
55507
60348
2738
3777
65342
63513
247
61592
52856
59322
64168
47738
45401
79
64313
54236
148
5398
4060
5117
60054
60460
63493
53462
58793
58813
54228
2393
60541
51812
3552
2929
57794
63299
1525
60718
2049
11486
55226
55315
15768
3494
60186
19
63918
8666
4030
64319
3328
60910
56112
53349
2558
5618
48125
60411
64940
58027
2331
53990
61181
7445
62607
7682
5762
6796
10362
61914
2712
60014
59683
12777
63190
1865
12736
62186
62428
1417
64748
63090
3063
63078
43356
62034
8970
56535
37475
13487
4992
60101
53594
56654
52110
59567
2235
54363
65276
11440
65372
64368
60830
58633
63145
61432
1915
2269
3137
16167
5077
58254
5215
5247
61868
61878
61625
64073
732
62561
6679
18257
58833
41617
64411
9660
9857
2658
49291
57848
6423
4595
129
271
2229
53086
63554
11799
54538
64686
6075
62977
13162
430
64570
5783
53804
154
1763
62485
3956
56818
60463
320
1259
7472
64359
64986
64967
63237
64782
56609
58669
221
5567
56113
49216
9044
58690
51399
9091
60940
59627
62942
65212
5444
44993
56699
11764
2954
21191
13882
58611
3193
63435
58252
4197
8569
4707
3949
9385
8270
1354
62734
58790
58241
6112
12088
64499
3038
8885
63784
63620
63925
61059
187
9198
11044
5347
3969
60467
2479
12460
53283
56489
6908
983
396
57287
62368
58560
46843
7792
7477
406
7501
50289
53326
61868
55545
6492
5983
62020
64597
62900
62118
64823
6799
64321
48487
57023
4359
1812
53313
49591
7243
15541
56017
54218
3860
56550
59178
8092
3534
13346
0
57834
12789
4512
49565
54563
58659
6173
9067
63036
4082
0
60972
3341
65038
62217
10641
63572
55534
62053
48398
10
11722
55881
1794
867
54957
2113
440
4654
8839
65183
59640
52983
57203
55828
52710
58822
55045
64551
7973
62092
60305
9965
18319
4149
2954
7472
57788
56949
60299
64959
0
52115
45729
59908
4532
757
62610
557
52397
59409
10337
59250
56761
59300
63056
3191
56549
12867
23229
3470
19174
9889
53141
5159
7269
3124
9033
64583
59201
64365
64673
4640
6230
56794
56907
1653
63199
5930
12976
2657
11806
17171
60119
59479
10884
3078
55154
56051
1268
4551
56743
59754
2103
55620
59643
8398
2917
64433
11364
5694
55377
5262
63355
47346
0
7636
58647
12656
60827
57668
9563
58442
60364
4334
55273
57615
12143
11956
59550
56126
63684
2193
64948
53692
51312
64726
6102
56502
52237
63707
55334
53433
61733
278
8172
59414
54574
11526
18439
6172
48110
51921
6117
60355
55448
63745
0
1175
61054
1798
52823
50279
64907
48302
59345
4684
49169
1393
16997
4273
5520
17476
13257
57162
62605
5179
1727
21780
9100
49785
3116
2865
51971
62494
9710
6710
4939
10586
245
54942
63987
3464
1461
65443
3396
5484
64213
1296
63753
56650
703
61902
57748
2221
1056
5030
2674
61003
8308
10324
65317
47551
35792
59820
8304
3594
2163
1025
21656
13634
46663
8499
15521
2194
64661
64833
63395
52481
55106
1902
53283
53254
6759
2088
55630
2422
14128
55114
46786
65522
61795
4220
15112
2989
5203
4564
1580
13849
9125
65440
8101
9490
61900
58477
2631
2941
1504
10024
7745
61711
64992
2232
59701
3470
11907
2474
1803
2972
5432
7576
266
2328
22160
64050
63454
58769
5835
62698
50300
8824
61909
47568
1492
868
11343
10642
54975
64821
59330
41885
52441
253
6850
7474
2400
58727
59986
64909
58834
494
60014
49900
2475
64821
61655
8848
12300
17657
5770
7538
9675
47751
58685
63595
49197
6962
17539
15832
12602
3181
2310
58091
63028
59883
48985
6131
65282
59752
15334
58863
52010
15531
15103
2590
5036
63586
44640
59883
16577
1550
59827
380
65448
63731
60695
1669
10630
7828
56914
51104
64561
817
9082
8254
50891
4842
19249
62898
8686
20538
1911
52079
51406
60887
61847
64868
5930
60789
58457
64294
60439
64991
6012
2030
57788
52002
54032
47607
48568
65231
4573
6761
3780
61294
996
64413
1811
8512
606
6933
64315
51524
9315
9943
59617
59538
57009
5196
14532
479
63851
8385
10508
8006
3624
55066
61322
15846
64865
54756
4003
11560
22145
14602
65484
64854
59325
6487
16278
2400
4909
6083
63519
918
58485
51909
884
8445
8229
6371
62151
64914
65516
54870
59280
63491
4076
6426
57800
59814
54214
53235
16471
4970
51167
1587
64602
56477
61405
4710
10962
63907
56839
484
4792
4415
13105
60876
61830
64730
14640
10517
6947
56264
1021
9261
1038
1330
57029
53019
58127
51792
62212
6574
906
8325
13100
6565
5301
7394
38657
62794
6290
9256
1287
1186
5330
15183
10076
58135
3012
4147
62478
17971
1901
42758
2939
60807
47554
20228
14506
55190
13926
9615
57446
8538
62534
52956
6723
59572
48640
57370
60475
2959
55776
46994
59610
53771
60892
7554
60245
60147
8604
12015
2426
6577
21128
12228
62178
49937
54707
7659
4562
8332
9569
54298
56012
7894
16535
9867
64482
64273
1105
8663
9445
10686
8472
59375
5040
2312
61520
20706
2697
63478
22531
64409
59758
4960
63753
11704
7200
55303
63335
4966
65482
64623
4412
2394
64185
1568
61324
51227
63853
11760
65295
1015
9527
0
12794
58613
57340
5879
57177
3424
1668
48370
6119
6279
64100
3880
59380
1193
62540
58552
9263
63394
60449
61
53574
6208
19017
58935
58093
784
47587
56306
10811
64647
60621
4045
8398
1464
55873
64671
3968
2147
7131
64123
58601
64159
58757
52031
371
11491
889
63467
63659
0
8212
59200
53376
58012
275
10006
61197
63509
2538
57333
3638
63980
61886
9047
61735
60122
65167
65259
65535
56771
56341
58179
64245
5616
11491
8966
53589
4779
17432
64177
16709
16884
58844
57707
64434
10951
194
56689
59148
57593
10926
7647
3279
15542
59662
48585
58219
142
2102
62721
8660
6880
61521
28769
1827
63817
62497
11833
12600
52325
37
20459
6627
897
16765
17143
60050
2542
9524
51394
53053
60046
61147
2945
4515
6186
60910
60223
3216
64228
5781
4638
65292
6942
64797
56193
61248
3773
59566
47514
58299
61967
58798
56441
57598
64077
56233
2666
12592
53299
56338
3289
58398
55700
61051
65460
62573
64651
3090
63201
7489
17146
4010
59388
6065
15612
1521
1148
10801
62886
57956
3101
4497
64121
59857
62686
63866
61084
62958
1459
6768
2636
53013
60076
9192
57777
49242
638
6799
9648
8704
59815
51566
56837
64675
2786
10650
7460
55813
57471
63172
64496
4241
2402
5064
4445
4630
14026
5900
2067
9698
63330
54234
383
14641
55907
64530
63190
49082
59490
5366
6488
62022
58423
5850
54623
53241
3403
52483
75
10589
65029
10715
59148
46808
63074
65051
5952
756
54039
59879
794
7532
3647
60630
62376
62083
1858
5345
56479
57593
8601
59855
60926
27049
8541
54810
5199
62448
64596
10872
2013
3402
5090
64362
59444
56196
57800
59594
62898
62167
62793
1078
60050
58732
3466
5165
54808
54480
12099
3048
51010
63285
1390
391
3192
2373
11869
14442
3936
2352
4115
679
7814
10273
53519
53083
11355
7130
61872
3066
4591
2430
1306
57394
53206
60921
333
5063
3239
61336
6234
13953
2701
62987
65247
60593