6340
396
60422
60639
736
63593
63648
65065
65159
7014
11001
6437
63738
1794
64503
54046
9050
12626
54232
59637
4839
2694
1172
4976
8652
64981
60406
63122
63954
63808
63461
6011
5388
59268
62286
14687
13448
53355
60525
10855
287
6111
880
54618
63855
61110
65303
1516
61362
14085
19607
63300
45239
61866
19655
11015
14915
14382
57352
59583
63673
57791
61095
2522
57490
40875
60093
938
51625
62484
63129
1619
12910
64491
56258
59247
3080
5063
63983
7464
3772
60970
63877
64329
6888
3390
61721
64427
62145
61976
51090
47234
63620
5742
10455
64507
43970
53338
6753
7331
62200
4343
17524
63208
49073
65190
1504
52493
55849
60676
57957
9550
13691
2026
8690
65454
63836
12761
58716
51843
62562
50912
57438
11482
4249
55584
6050
22127
59961
51126
9216
653
57255
58671
48092
58066
4562
6014
10341
404
63
7492
63848
59479
58482
60059
60148
61502
9119
59386
56733
20428
404
56224
19870
10152
54898
48046
49156
54387
56854
6380
64153
46875
64950
7632
1481
1056
64438
7352
12025
63556
54522
65505
65298
48846
59616
11894
8046
1132
3276
12572
63402
49283
5105
5479
56534
60029
58132
60552
61498
63202
13567
4706
55757
62052
61668
3573
3825
58658
11584
7197
52400
8093
8499
58074
63745
56261
60707
9822
65479
60329
0
6138
58511
64558
8634
59102
60435
1539
2672
8820
48092
36172
63662
11192
18265
9878
52621
61701
15663
6547
52983
55995
62422
55922
63174
5097
63515
7654
15188
58475
57258
8409
159
2353
5917
2479
11059
62966
4510
17075
52850
59994
63518
44326
65385
7180
6088
5551
1909
17832
3529
58634
883
62268
11842
5392
59647
193
57283
8805
12529
57436
65494
2853
62329
57524
54635
60485
2012
8171
167
4656
11596
62756
64151
59899
63358
9237
58132
5565
15286
2345
13889
3001
60669
2069
53990
59468
4831
11994
18311
864
57761
65301
4816
3920
61471
60318
6132
15782
62212
48726
5513
5081
59332
4400
2405
63540
1150
63421
65048
6431
3617
59348
61719
5824
1695
50054
49565
8200
8861
57615
61478
59353
62454
19036
10713
52200
53559
59899
2544
12517
870
176
18138
8886
62019
64177
65038
1288
52773
49679
2544
290
886
9388
63076
54035
57693
54225
48261
61144
3700
59940
64419
2028
60226
53736
52306
62674
57827
59556
8232
56183
50409
59471
60824
10648
10355
5141
62759
43785
62488
11996
64146
1865
1994
51842
52595
14305
16325
59300
769
1115
60444
3707
63874
62447
62047
3676
12074
56671
58955
1750
62770
4800
52650
55087
3458
57268
10119
3859
52813
10025
1007
58344
921
3360
17721
7183
9550
29244
663
46627
65416
4078
57679
63439
9502
64515
62107
6998
8846
6916
64792
64527
4582
3309
61973
60643
8796
2113
61824
11947
62739
53008
65340
1643
1202
60424
9505
20945
4106
4780
64369
62282
7676
63966
4749
6545
64018
5884
63887
60271
60506
62121
4188
52442
51906
5168
304
57133
63057
12136
6461
7535
23397
62629
41438
51176
62508
5213
56024
63128
7691
45694
54340
1767
53548
63191
444
65202
11553
6315
65010
4925
4684
60676
63260
6679
1416
5232
12072
3996
7466
10967
2372
973
59360
57907
8672
9434
5985
3191
60094
7509
1479
46833
187
1672
54297
4205
16969
23844
10292
56491
64776
65288
2573
11609
64924
64742
7939
65271
62620
4543
2247
58597
54350
54743
3472
18744
7455
62316
6822
7659
63110
3050
4409
52403
55887
5163
64354
56791
56671
58021
58208
60207
65098
0
17164
16065
1746
100
6426
16981
10131
600
4625
55231
53959
64413
65217
12286
3739
60888
2250
62588
65500
56943
56285
0
63744
1913
1276
63173
7512
57649
57732
4473
56197
56741
9307
14055
3501
5066
1144
50270
59991
61941
2396
17076
56914
47184
57284
60573
3596
62571
3018
5245
59494
2783
65378
64446
2218
63916
2729
58754
231
14428
6518
1977
53997
59631
1990
51370
710
6718
64293
7520
61663
63549
12325
5005
63377
57685
61716
344
54397
56528
3712
2538
60855
57525
56960
721
11602
4607
56270
55762
4338
8405
12
1232
3011
7740
3377
48793
54546
1366
64212
59125
53043
1580
10389
1577
10
56324
53123
60066
62909
2347
63215
58331
2715
14092
2637
58339
17169
16951
64902
3176
56656
57735
3994
63384
5861
6378
63984
5276
11996
8620
54722
43747
52901
2464
5615
60106
3453
6652
63693
4904
61714
64672
14521
6748
61971
46897
54480
3184
52636
58768
486
58346
64192
56283
57197
12137
10031
58826
64935
12366
65331
885
8720
906
9896
3225
61311
7469
61814
562
11988
2357
62145
53729
60229
63832
58757
7743
8182
14499
20515
63528
1077
5604
55751
52881
51380
61253
6447
1531
3502
2538
59087
63986
9145
5770
5910
7029
58552
63487
5957
58824
63831
8896
2309
57892
60387
5205
3154
4716
2107
57226
64744
62182
59876
6189
6564
10973
5044
58528
1665
4463
63972
57728
58650
59194
51313
64624
800
54305
2773
60821
48561
60961
54003
51918
63656
1505
6026
59348
55453
12965
8704
60695
954
63758
184
5350
2698
2218
63797
4745
3962
57966
62626
54832
54957
60106
48821
1710
4435
63938
9061
42792
45886
7285
50246
53304
3135
6592
8030
64196
5494
61059
47878
56141
53576
60187
61980
65127
10580
59213
50182
51055
55942
9846
10402
63768
56888
3844
14867
64231
53210
52597
1786
6632
51470
48879
51046
2469
9799
51750
5410
17395
1920
61829
43955
58875
61646
38312
1044
17225
7344
64603
47256
54647
5450
9372
1931
56633
55675
57345
893
54993
41379
61405
62140
55722
62370
58021
62471
6669
10798
5195
60277
61114
58631
57640
1149
8302
8221
3667
3434
3543
1896
54021
46908
700
194
60554
2206
56898
59245
61581
51285
55399
58064
65443
64469
54716
2124
6513
65515
4265
3172
1245
11188
0
7870
10497
11549
3770
9672
12529
2008
47636
50568
13838
7940
4848
11257
56596
4852
15905
60467
60680
54562
49993
60884
61001
63675
64798
61923
853
3005
63868
2791
7544
0
61192
326
45373
54690
59808
47949
4237
7144
57879
5457
12080
3640
310
5879
8369
63751
157
17224
14386
2012
7089
4934
62461
63041
56023
64240
12123
1960
2550
5838
60229
57110
56419
57308
807
5719
3585
6196
4488
58884
64618
5372
64188
65420
1860
10893
10489
1096
17202
8035
59314
17612
8599
61801
7854
65275
5780
6734
52449
57096
1568
5836
5560
6973
19634
7906
62792
10513
5829
60604
59740
2539
6068
50705
53419
7995
61295
56768
9116
7432
53005
51979
4849
8276
2063
414
64618
1552
2657
2544
2093
65034
280
65339
63816
183
656
59977
60718
4485
59962
54553
1846
60335
56035
1018
62119
57216
64871
870
58415
62692
5631
4172
7854
13325
14355
5670
3163
11412
60946
57336
2959
61623
4954
2810
62496
8713
63614
57719
52122
51269
9252
11284
4479
56094
50568
62671
45427
56248
6117
42623
54574
12106
4612
815
58897
57454
6173
7232
55104
7831
23570
52606
56255
6471
58141
5961
8435
4088
2430
58261
3445
63173
58445
4365
65198
2044
64948
62355
5634
1041
59775
61778
630
61952
8935
17832
56864
60266
60445
44772
63572
60136
5234
32559
8167
56494
54617
54604
61059
52144
49624
42769
42009
7548
17687
56638
44976
63051
10156
13853
6297
58020
6651
11680
6881
19924
10760
59296
54696
56374
56556
50795
2138
13068
4542
2792
5516
17006
5811
54828
4645
9699
64532
847
15735
4927
62609
22426
2243
58535
19159
3095
5625
5592
58607
9120
56480
49130
2891
4878
9702
63243
61759
4989
56162
57238
63197
54437
50824
60502
1430
1450
8723
6784
6519
2525
56711
63175
60615
1212
5274
53837
64304
64160
61206
6053
59634
64353
1522
61073
60673
53120
64947
63084
62259
11451
2993
65228
57172
63565
10836
64071
10184
64494
52703
6998
55607
54310
858
6029
11826
55979
2343
0
62237
5715
59769
55950
63226
57013
59252
53560
62329
64824
58595
4424
58929
58703
2775
3124
18167
18266
12044
465
61683
8284
59894
58916
3087
398
921
57503
8539
12710
55833
65388
54437
48247
8003
62314
56866
11314
7957
60678
54988
46718
58549
19785
12457
2315
1127
54631
64208
61574
55798
5798
60166
59997
2064
61581
6878
318
2740
11800
51809
59614
15989
5895
1922
62821
57518
64356
7869
10053
43
4803
15914
4796
4295
9927
63363
58778
55529
54981
330
58551
54930
62555
51803
53018
1341
234
62718
955
8778
8831
64796
57465
60100
2918
1071
249
2672
64897
61810
54948
62758
8487
6588
9023
59444
55539
3906
50432
49468
10023
13280
61174
42958
55910
3629
63497
62076
56965
2063
6039
64052
9280
57804
44568
2291
14828
13103
55795
49815
10081
3900
57488
1847
7589
7058
2504
4620
63453
44680
50982
4005
6523
5520
8756
3651
59934
61214
2919
194
50115
47799
56339
59832
5278
65199
57034
2848
55103
51353
503
52877
50804
57484
55078
62289
65007
2727
5762
7943
10562
1369
5493
10889
1426
64802
61100
61605
1992
2942
1986
4446
23918
23642
5775
11446
6663
607
5556
62946
62779
65111
62929
61634
1882
10144
61478
5680
20812
64638
3741
1165
52782
3909
60096
62031
18297
2574
55197
56634
2613
16178
10788
6286
62361
58296
64817
64628
13513
15001
58491
60051
64188
51259
57323
12259
10245
61013
62624
6433
63890
57839
13306
12037
59256
4396
65074
52412
54975
54638
4456
6260
397
8981
64624
61894
64547
6715
24796
11481
7598
9393
60009
6083
6645
63851
4420
58677
50806
60241
10118
10489
65441
2259
56742
48160
60864
2306
64117
53807
62377
3712
56915
1230
4645
55165
50276
51645
65062
9333
12205
7183
58063
2677
8248
65131
10085
6043
64681
2917
47342
42946
65494
2201
3323
4601
64682
11213
8312
57303
62649
638
1173
901
59379
60741
1352
12118
6759
55155
57666
57463
63294
3571
55043
56683
56110
53019
3436
7212
64688
58129
63683
545
58095
3419
4045
4981
17591
63656
52341
56074
53923
416
4235
2905
54
2488
21322
3912
49267
7352
9393
58931
1660
4877
59257
58888
1256
2173
61154
63025
11371
8800
59426
55354
59854
8198
10670
64487
56539
52724
65165
63373
52535
4740
5560
64077
63291
51532
61964
59251
51703
10246
7933
3757
11980
1802
9100
6988
56466
3863
4024
56033
63107
64769
59162
428
8483
3485
59088
59735
56602
46899
52068
56086
60887
5530
63116
255
5861
62139
5623
1326
58181
2401
372
16625
19571
64826
11967
6960
59407
63493
60137
11083
3946
53367
6089
63108
60553
2557
56624
7054
8461
62205
8201
7147
10260
8233
62210
2140
64465
5658
12284
59489
60544
63654
60061
10228
16190
4612
61821
63871
60040
52173
60681
62888
63146
4343
62908
58838
61833
5909
4501
52107
64288
5628
2284
19749
571
54766
13867
4713
61894
1110
58584
62440
7105
8126
3294
4380
6930
7148
5701
55915
58723
2194
56888
1761
2776
55340
63893
64437
3452
1662
57222
8631
4746
52112
52201
55097
5397
4246
59871
4033
64579
62634
3921
4270
4965
57738
61784
6204
59296
64925
64844
61069
7532
60012
60112
2248
58732
12729
8871
52192
2368
7212
3042
1211
57756
61262
3594
9966
60934
54059
20418
20999
1499
2742
2828
7587
1398
59176
4319
2521
55067
58426
15146
12069
55317
87
13819
16064
6775
53724
65089
8118
64823
64970
60656
59996
63392
205
382
2712
10033
60384
58720
7067
59952
1306
12702
3860
4076
63707
60596
0
53657
61255
59024
63435
4608
3344
5481
53985
50500
535
2840
11663
4854
57223
58
61414
63299
10066
63494
56530
3805
5812
63042
65314
3220
64439
65068
55668
48552
9885
16401
55396
56142
62299
60377
2751
60604
61868
10341
61955
56247
5666
5796
59983
52491
54503
56302
63362
9569
3069
63412
61748
54496
1127
1738
46865
57383
10059
4778
4164
6743
4048
3232
60847
58929
7110
12446
9845
0
9063
8458
20796
7475
43231
61029
11564
63841
8043
3522
61736
9864
57879
55686
14336
10939
1864
61918
3703
18252
7081
61769
3457
5714
2611
14266
13086
53415
63508
13373
62675
60543
61728
62967
3066
62358
3165
5659
61281
65392
58965
47585
63843
9002
58710
59181
6693
65056
63452
5062
62557
56790
4165
10708
65229
2570
5351
2446
14244
1310
58910
9309
59348
53285
61188
58844
4499
61913
56135
4304
56840
51286
1907
8360
11641
8754
60946
56483
64447
367
63832
61305
55652
60760
63256
65302
9660
3294
63803
3638
3446
3522
355
895
71
60706
3164
63450
55274
5200
6787
3685
13446
10624
4780
61799
58297
5773
6896
10617
7813
53937
60046
57875
63777
15823
46723
48052
3163
51630
7523
60515
39750
6790
59421
59131
4240
50771
9106
13112
62110
6119
9980
13121
62070
56524
64035
54573
9346
12480
54076
57965
64493
2105
60123
57716
1962
61810
1869
142
54919
5583
13762
5801
63889
2414
14055
10214
6972
2866
57557
56399
64977
12034
8307
61805
57768
58948
7838
7711
56028
56571
62278
108
5391
63116
52391
61731
4699
64316
64728
62833
62128
63494
55397
742
12135
8509
5703
60014
2162
6962
55873
60463
60191
63126
8310
50620
40698
58611
3500
6047
4242
2813
62291
2163
9336
62331
62545
728
65475
2164
61759
2441
5149
5522
9792
54173
54235
153
58763
10914
12100
62705
7688
8347
5415
2130
61967
2824
62630
60414
4340
1563
426
2081
64631
1361
4569
58086
57975
16261
8525
64035
13128
5969
4106
63719
58137
10394
54836
58309
15402
45064
61234
13397
42627
1277
14788
59864
64180
55752
62124
2196
52068
64001
12817
11294
4345
62406
63565
4436
16007
7245
59176
6035
4073
56367
61386
9315
10476
61921
427
392
50132
63298
5981
64082
64859
55006
59007
3755
3430
16625
112
37803
63658
18653
6839
5027
4445
1452
64989
53843
56739
11740
18890
15404
3376
55470
4364
9349
60086
8230
12678
61161
55124
44557
50196
2127
3891
2975
58527
60147
2016
57498
2861
6784
56652
4622
12453
67
2068
2817
62134
3719
7913
1652
4647
47
57237
59135
59017
4924
1766
58409
13006
12963
11284
10558
54415
645
5804
62916
3931
58725
3368
4795
52129
3000
64823
58162
3602
53085
50753
2833
11065
7916
95
65482
61863
58051
60227
420
64594
61906
8580
59939
51248
9066
2432
65166
4471
158
7231
60144
226
5640
51322
7639
11335
59430
2240
60032
59528
62366
62621
1438
56755
7817
15468
995
11896
4467
60696
2550
4761
0
62900
55488
5035
1552
61344
56667
63178
10504
1056
2057
4826
62342
2783
1355
61773
65436
495
64567
59567
62524
1918
64690
4414
3024
59792
64910
6501
8383
6540
63430
61062
5473
5262
56175
53289
63528
4753
64155
58606
5002
2844
58703
5689
2983
59789
65153
56072
53175
1077
5610
58018
51698
13897
21229
1725
10868
9104
60192
4487
6184
1181
4797
5989
1902
60840
3898
14110
6198
1793
382
65456
4071
61880
59697
63106
58025
3547
971
49019
63529
63023
51212
2107
4666
633
4245
11798
15339
53602
55063
12394
59721
60350
6442
58130
63954
9666
65046
58001
2679
2550
57102
64316
65319
61886
2938
64667
775
6871
3395
1141
8275
14392
64220
52922
50610
51114
9030
9454
64219
12379
9335
7971
6761
56994
62866
33
63571
7862
4436
554
5327
7121
4855
61828
1209
15037
827
59741
9514
60004
62318
17218
59427
64915
20269
3116
6407
3575
52914
60390
65347
1921
3289
13491
17112
63756
2183
2862
60405
5593
63314
767
16252
7265
8159
5709
62312
12804
16405
770
1917
6582
63416
57127
1572
15897
10917
3507
6223
61924
61225
5936
2252
192
59046
62125
8976
63074
665
12440
5463
63
50541
51130
5146
64370
56135
2455
6461
56892
61670
13732
61816
56402
6296
60388
62503
19260
15133
58440
50665
64416
7463
64496
63990
3970
61559
58222
56767
54950
4323
63824
57322
1655
49617
58985
7152
60785
18227
3735
41706
64769
973
4050
62898
48148
6494
62158
54804
13323
582
61096
4271
58175
54591
774
2880
58797
426
7721
6373
4197
55657
739
13535
63684
64427
4521
3499
2243
4279
9624
60621
58049
1144
1594
11263
2992
2825
8581
54497
62813
2072
53766
58080
61211
12548
3162
43313
65406
1236
62626
6742
58307
8708
13093
62512
4015
50416
58865
23077
6077
65453
62073
54316
60501
60686
4672
5259
11162
17508
62713
6993
7130
57268
6808
62546
60320
64858
48940
61776
64950
63702
3687
62963
11758
211
49249
62640
56285
63656
3035
59438
8634
3195
61365
2594
59499
6995
24082
4326
60042
9875
2811
58276
5355
6667
7025
6029
57835
61532
119
55731
55675
492
62916
57596
6145
63112
56897
12372
5400
65240
57577
47818
7562
1831
56825
3861
59368
1717
11774
9634
12357
63038
59542
64755
463
3753
58278
56374
374
6962
15588
18560
5666
59308
7740
5573
61079
4318
51858
53410
5347
58596
651
5733
8795
14592
58918
63669
10811
7649
5502
59030
62143
59280
58858
13160
6052
3364
7556
63744
1958
57281
42252
51985
60968
57947
57215
59786
61357
8057
5587
56214
65018
418
62079
64730
65216
12492
7057
2998
7714
52443
54418
297
64345
4264
58596
59164
3609
62659
4192
14036
15201
6973
60914
59910
52098
51925
62681
64192
2407
1702
62561
62862
59936
59449
60708
61427
5135
11142
63848
58911
8563
10912
4840
3904
922
3503
8960
10783
2011
63208
11140
3322
57331
5537
2595
58606
65110
65179
57985
60877
14926
24846
12940
2249
62732
63856
521
63856
3093
6359
3653
80
60578
1202
2924
59563
5540
10459
60660
61454
59353
55342
2232
1328
161
8690
8481
7674
60302
49268
62392
64877
52408
53156
462
8802
8246
2576
63791
6917
5159
56486
62505
61812
55138
63294
61168
3487
15343
63542
51776
54854
54907
59750
1459
61652
50346
57784
533
60609
460
3319
60102
62685
4291
61540
46637
49462
57314
56510
1159
10850
7491
1695
60242
239
5832
58923
255
11546
52431
50871
10130
58514
47785
3386
63877
54114
60724
4848
11809
61681
55725
64950
60453
8856
14690
62615
3304
1060
57289
3030
62570
51229
52898
54870
56873
52800
58688
64233
49781
53924
5785
62694
47195
56492
9556
5123
57505
56753
4565
24958
13079
56688
5684
6570
56219
3165
11029
65305
58993
63397
9919
6398
58289
61050
1919
9279
8889
57652
91
15118
3897
554
61035
55033
4167
6775
1960
63254
55476
57851
47662
49845
8960
1653
61914
11603
2945
56575
410
7499
61964
57636
64550
58798
56506
57404
55284
170
64551
52154
56579
62156
60149
7181
17190
65342
351
10497
60024
65349
3225
62458
17787
3061
50802
3358
2688
16674
21055
64516
9395
6615
296
13460
64205
56338
59622
61495
2197
51977
64279
24399
1023
57534
4438
3762
3465
61910
65025
7097
5427
8163
59218
50903
61317
56959
59753
61396
54479
60876
57225
55588
63945
1447
6987
58
3695
16630
61557
54211
65396
57533
64233
9191
63665
56885
62728
10185
9102
55910
60255
1467
47052
53472
9332
3855
4889
2718
63929
14689
6647
63456
7913
59797
389
14401
56490
57531
8290
65234
65244
61591
51263
63393
4516
60397
61502
9804
14720
63054
56519
62880
49141
49331
65520
62654
57879
52564
57430
7073
64415
58712
3883
11551
15500
10940
6384
352
64362
16624
20959
2382
62120
6599
3493
346
13756
9080
2076
7420
2031
65426
52492
50603
6622
61895
62753
11003
61029
62467
60668
52433
4310
6353
62114
62114
64752
63080
55090
57868
60850
64082
10230
4663
58825
60422
62731
59284
58689
63866
59536
57300
60103
52939
54985
59752
62706
6925
65402
62384
4065
59250
61524
1178
56456
60577
53227
46106
1680
4630
4604
7953
60541
1645
2993
1597
13182
58184
52051
64219
53002
55943
63761
7228
7533
57645
5750
65521
51006
8659
939
61752
18264
4371
57910
2881
8575
10705
6367
987
20
619
4768
13253
10132
60267
58242
56202
55100
10114
11312
61436
5874
6403
54040
54720
62715
3496
63314
43988
60295
17349
63844
49864
54126
60819
1575
6352
10224
2066
8083
9991
57764
3874
63947
47418
0
5101
13166
19691
3252
3327
58732
57951
8806
9643
23240
0
61755
63414
60586
4466
16897
63646
53752
3693
6898
58549
52372
53730
679
5435
53854
65312
12491
57215
59628
8471
551
58057
64544
5873
1855
3168
9328
9186
64584
57386
62596
52319
55246
16496
13952
6225
12737
11575
1956
1799
0
7232
1559
13873
3190
59161
60515
7534
6162
46350
422
14580
60271
59611
55900
64208
2399
64287
14170
62200
55699
3415
59924
6637
10668
9269
16305
64440
2615
12251
63948
61687
7127
10021
59750
572
9429
55839
2981
6174
50375
59528
52894
47754
5830
4369
52788
53385
4985
2447
57816
13760
1676
45209
10144
4697
49589
1375
63307
64819
6015
65183
15458
10068
0
14760
3149
60258
62059
56613
402
4128
394
64633
3350
5916
57850
62310
3898
64813
10788
3816
57811
63069
53304
54853
1681
61977
1171
17707
11212
55603
45761
52475
7887
4857
55237
10148
16713
5593
820
49436
60947
9338
1714
11161
0
63906
15365
844
53117
55372
59028
5318
60957
48911
6841
17402
57328
50236
62142
60099
62033
64246
57421
60723
3377
363
56195
31
18677
12871
62507
57928
64983
2876
65173
3553
63897
52134
51453
61604
8896
63751
57461
8538
2067
61039
3553
53175
48094
6408
5326
54210
62425
3824
61562
61130
64019
60456
56577
65012
6627
64033
2375
15491
12098
4536
3202
65481
1288
4920
60282
60906
1182
55322
62958
4425
2568
7430
55119
60479
6649
61861
17746
9870
54681
148
51680
59999
7020
58164
3030
1308
63247
5150
64768
3089
929
63116
58262
46747
57446
63623
3367
11485
2079
11337
18358
62696
59457
9301
6743
60353
60841
64051
65357
57366
50841
3267
7825
542
1666
51470
49845
63788
57050
54862
267
4262
64917
58631
55964
62982
3177
62347
5882
14776
4903
6893
5740
5571
16063
2702
54550
57697
52642
53131
414
64686
59923
65261
54077
50162
65194
64247
63881
57600
51603
1251
63454
61688
2491
53468
51113
57029
57631
57432
57673
5529
7742
64610
100
1010
7494
11104
1088
2885
17951
7250
48040
48912
57665
3477
6951
57239
64328
4070
53883
55891
63336
1028
2265
62177
62930
10194
11733
62497
6243
2830
43236
6105
22007
61026
63108
64639
62610
4859
62323
61537
9633
4646
56148
5298
12523
59245
63592
8024
8610
5867
65258
10272
4856
55197
158
7137
2003
62373
4223
12988
6060
60053
50225
60671
4094
1868
65031
41318
53501
13926
63567
3395
61826
44664
1114
5691
733
65449
65182
8832
65046
59196
6772
17177
8779
64260
9442
3399
3307
16573
63925
56412
61085
60291
2024
2283
63964
60983
10125
13778
62147
8630
65121
52944
13724
8383
63290
3543
4934
11442
946
57203
63100
4693
63412
50417
4995
8886
59662
6443
6185
9693
10580
57558
3546
11518
5318
13665
8265
63690
6160
11127
60791
54148
1662
3437
5683
9335
3
63217
2434
63537
56815
3559
13015
63843
58348
63406
62538
55286
54571
5274
3791
62174
64989
55642
64445
4629
55550
787
6536
58429
60090
1474
56955
46680
731
11053
61646
60531
59724
64337
5702
59909
63768
2
57143
4208
5867
59864
56433
60512
8727
112
51968
3277
2212
55609
4074
6027
1237
5331
62235
7800
23696
65089
58319
12291
8924
1220
1054
5604
10477
5999
12646
13278
59157
62744
15908
12620
1634
3943
8908
7488
6069
63663
55050
57351
65077
5013
59369
58783
4850
55657
64514
15662
58311
63804
3867
50863
62058
65308
4810
15906
61904
62316
4111
4208
17559
6098
9538
19625
54413
60026
11741
57609
61422
5241
2451
62043
51774
9760
24013
7308
10172
61673
48090
0
4538
56871
58439
53777
248
7818
56208
61619
18648
17408
555
61574
5469
6203
60683
60052
3225
3426
63924
61685
61733
63994
428
64427
64608
64819
54659
56731
4140
61146
65293
8265
55342
61447
64896
46496
63949
12023
338
60708
59495
6964
18220
3579
47551
48774
63861
62431
62339
0
63486
4563
1441
59715
59581
62571
5709
61531
50137
54358
57140
3200
12052
719
56078
6697
12025
55828
1055
6716
58947
7281
2982
842
2083
51079
1285
1367
65069
17836
59606
55738
4148
64066
8446
3533
2510
15358
11200
8360
63171
56213
62258
26
4317
62414
62142
4708
60778
59612
156
61389
63827
4456
319
62087
62327
60484
61944
63374
3437
7703
63095
59847
63667
3031
5638
679
7307
1795
58802
8176
7612
4927
3011
57989
4813
11860
62933
51503
59578
8875
5268
4279
4788
6778
8511
64788
10522
5433
58065
9277
4150
5321
9253
64542
7497
64660
1616
4088
53368
7165
4947
52060
48075
46069
11676
10758
54782
64439
64160
9883
7925
48649
49182
56420
57975
54616
1360
5241
54312
4044
65161
54411
11717
64288
51521
63991
2439
8100
5983
5043
2603
59165
58206
57722
59444
60223
2374
2564
47978
47400
57361
7986
26882
16288
7050
8944
5463
143
65357
6045
62792
1836
13068
60983
60291
57922
46895
59929
52935
50465
1629
61311
4946
19118
1092
60977
7450
3266
58848
54399
61916
15336
13786
733
63900
59546
64297
5966
5744
10460
286
53004
62857
1509
60656
3079
6140
57436
62246
860
53479
653
11306
8683
14255
1565
62366
2263
54589
60175
4102
56068
61514
11293
1922
22
6434
57456
56916
539
57314
55534
54827
57661
5642
9350
4087
55522
57337
6947
64812
60081
64123
61905
61268
63980
9641
13817
4778
59420
60646
4637
54995
50883
6704
3734
60473
63383
4069
2596
55754
58534
59866
56404
62482
1408
8856
7170
4970
2088
56197
2294
1550
52540
60761
56076
50596
55431
52111
48520
47350
1155
17526
9462
7311